10000000 10000000 10000000 20000000 10000000 10000000 10000000 20000000 
10000000 10000000 10000000 20000000 10000000 10000000 10000000 20000000 
10000000 20000000 10000000 20000000 10000000 20000000 10000000 20000000 
10000000 20000000 10000000 20000000 10000000 20000000 10000000 20000000 
10000000 10000000 10002000 10000000 10000000 10000000 10002000 10000000 
10000000 10000000 10002000 10000000 10000000 10000000 10002000 10000000 
10000000 10000000 10002000 10000000 10000000 10000000 10002000 10000000 
10000000 10000000 10002000 10000000 10000000 10000000 10002000 10000000 
10001000 10000000 10002000 10000000 10001000 10000000 10002000 10000000 
10001000 10000000 10002000 10000000 10001000 10000000 10002000 10000000 
10001000 10000000 10002000 10000000 10001000 10000000 10002000 10000000 
10001000 10000000 20002000 20000000 10001000 20002000 10002000 10000000 
10000000 10000000 10000000 10000000 10000000 10000000 10000000 10000000 
10001000 10001000 10200020 20002000 10001000 10001000 10200020 20002000 
20000000 20000000 20000000 20000000 20000000 20000000 20000000 20000000 
20002000 20002000 20100010 10001000 20002000 20002000 20100010 10001000 
